<?xml version="1.0" standalone="no"?>
<!DOCTYPE svg PUBLIC "-//W3C//DTD SVG 20010904//EN"
 "http://www.w3.org/TR/2001/REC-SVG-20010904/DTD/svg10.dtd">
<svg version="1.0" xmlns="http://www.w3.org/2000/svg"
 width="300.000000pt" height="225.000000pt" viewBox="0 0 300.000000 225.000000"
 preserveAspectRatio="xMidYMid meet">
<metadata>
Created by potrace 1.10, written by Peter Selinger 2001-2011
</metadata>
<g transform="translate(0.000000,225.000000) scale(0.100000,-0.100000)"
fill="#ffffff" stroke="none">
<path d="M1634 2099 c-40 -11 -49 -34 -24 -59 11 -11 20 -26 20 -34 0 -15 21
-26 52 -26 11 0 29 -11 40 -25 13 -17 29 -25 50 -25 22 0 41 -11 70 -41 l40
-41 -35 -32 -35 -32 -40 20 c-37 18 -40 22 -35 52 5 31 3 33 -30 39 -42 8 -57
1 -57 -27 0 -13 -5 -18 -14 -15 -8 3 -30 9 -50 12 -28 6 -35 12 -38 34 -3 23
-7 26 -43 26 -36 0 -40 -3 -43 -26 -3 -22 -10 -28 -38 -34 -20 -3 -42 -9 -50
-12 -9 -3 -14 2 -14 14 0 33 -18 42 -57 30 -32 -10 -35 -14 -30 -41 4 -28 0
-33 -38 -52 -41 -21 -42 -21 -53 -3 -15 24 -30 24 -55 2 -18 -16 -19 -16 -11
-1 5 9 51 43 101 75 51 32 122 80 159 107 66 47 67 49 47 65 -11 9 -23 24 -26
34 -8 21 -37 22 -105 2 -42 -13 -70 -33 -147 -107 -52 -50 -95 -87 -95 -83 0
4 8 29 17 56 21 59 10 81 -30 55 -39 -26 -146 -189 -162 -246 -3 -14 15 14 42
63 48 88 125 187 145 187 30 0 -37 -153 -113 -255 -35 -47 -64 -94 -64 -103 0
-10 -7 -16 -16 -14 -12 2 -20 -9 -27 -35 -5 -21 -10 -31 -11 -21 -1 9 7 43 18
76 18 59 19 162 0 162 -14 0 -69 -74 -94 -125 -35 -75 -57 -178 -58 -280 -1
-91 6 -118 43 -160 10 -11 23 -51 30 -90 6 -38 16 -77 21 -85 35 -59 59 -113
59 -132 -1 -13 -33 41 -76 127 -75 152 -100 187 -116 162 -22 -35 0 -194 40
-275 33 -69 169 -214 202 -218 14 -1 28 -3 32 -3 4 -1 19 -22 32 -49 15 -31
46 -65 85 -95 l61 -48 -13 -32 c-11 -27 -19 -33 -49 -35 -29 -2 -50 6 -103 40
l-66 43 4 57 c4 39 1 63 -9 75 -12 16 -15 16 -24 3 -5 -8 -11 -19 -13 -23 -1
-5 -21 -4 -43 1 -46 10 -74 1 -74 -26 0 -9 -10 -45 -22 -79 -21 -62 -21 -63
-2 -84 20 -23 198 -145 250 -172 28 -14 47 -15 144 -7 61 6 115 8 120 5 4 -3
42 1 84 9 41 8 85 13 96 11 11 -2 20 1 20 6 0 6 5 7 11 3 8 -4 7 -9 -2 -15 -7
-4 -16 -6 -20 -3 -4 2 -10 0 -14 -6 -3 -5 -12 -10 -18 -10 -7 0 -6 4 3 10 8 5
10 10 4 10 -7 0 -34 -20 -62 -45 -47 -43 -71 -57 -57 -35 11 17 -4 11 -46 -19
-22 -17 -47 -27 -55 -24 -19 7 -18 16 5 30 22 14 54 73 40 73 -5 0 -14 -11
-19 -25 -5 -13 -24 -32 -42 -41 -58 -29 -60 -33 -30 -63 39 -39 78 -44 120
-16 19 13 43 37 53 54 10 17 25 31 32 31 8 0 22 9 33 21 10 12 35 29 54 39 31
16 37 16 57 3 20 -14 25 -13 52 6 27 19 31 20 57 6 16 -8 35 -15 42 -15 7 0
15 -6 18 -14 3 -8 23 -26 44 -41 22 -15 42 -35 45 -45 6 -19 79 -60 106 -60
17 0 79 53 79 68 0 6 -34 29 -76 52 -42 23 -73 44 -70 47 2 3 61 -2 130 -12
117 -15 126 -15 158 1 58 30 252 160 272 182 19 21 19 23 -3 87 -11 36 -21 72
-21 79 0 26 -23 35 -70 26 -44 -8 -52 -5 -64 25 -2 6 -9 5 -17 -3 -9 -8 -13
-33 -11 -75 l3 -62 -74 -48 c-102 -66 -118 -64 -150 21 -14 36 -15 42 -2 42 8
0 18 6 22 13 4 8 20 21 34 31 15 9 37 37 50 61 22 42 27 45 65 45 44 0 144 44
144 64 0 7 12 23 26 37 30 28 57 76 50 88 -3 5 1 23 10 40 9 17 14 46 13 64
-2 18 5 44 15 59 13 20 15 31 7 46 -6 11 -8 22 -4 25 3 3 2 14 -2 24 -5 10 -7
26 -6 35 1 10 -3 26 -9 37 -10 20 -12 20 -47 3 -28 -13 -37 -14 -40 -4 -11 32
-23 -6 -23 -73 0 -65 -3 -76 -21 -85 -11 -7 -22 -10 -24 -8 -2 2 -1 40 2 85 5
70 9 83 27 92 20 10 20 10 -4 8 -21 -2 -24 2 -21 23 2 14 3 58 3 98 -1 65 1
72 14 61 8 -7 13 -18 10 -25 -3 -7 -1 -16 4 -19 6 -4 11 -27 11 -53 l2 -47 6
40 7 40 14 -27 c12 -25 11 -30 -6 -49 -19 -22 -19 -22 4 -10 12 6 22 19 22 28
0 9 3 14 6 10 11 -11 -6 -44 -29 -55 -12 -6 -17 -11 -11 -11 36 -3 64 59 81
174 10 71 9 100 -4 98 -9 -2 -13 12 -13 45 0 26 -6 56 -14 67 -7 11 -17 31
-21 45 -4 14 -30 47 -57 73 -31 30 -55 65 -65 93 -14 40 -42 61 -43 32 -1 -7
-10 4 -21 25 -14 27 -26 37 -44 37 -26 0 -95 42 -108 66 -12 20 -47 18 -47 -3
0 -12 -7 -7 -20 15 -11 18 -35 39 -53 46 -45 19 -126 26 -163 15z m121 -15
c31 -3 48 -13 75 -44 38 -43 50 -49 50 -25 0 8 4 15 9 15 5 0 14 -7 21 -15 19
-23 -3 -42 -42 -37 -25 3 -37 11 -48 35 -8 17 -22 33 -30 35 -9 3 -6 -5 9 -22
14 -14 22 -28 19 -31 -9 -9 -78 25 -78 39 0 7 -10 21 -22 32 l-21 19 18 -27
c20 -32 16 -34 -26 -12 -17 8 -33 13 -37 10 -3 -4 14 -14 39 -24 l44 -17 -35
-6 c-34 -6 -34 -6 10 -8 25 -1 56 -4 69 -8 l23 -6 -28 -13 c-31 -13 -12 -18
21 -5 26 11 55 -5 55 -29 0 -25 -16 -34 -27 -16 -4 8 -26 16 -48 18 -33 2 -41
7 -43 26 -3 17 -10 22 -32 22 -41 0 -60 10 -60 30 0 10 -7 20 -15 24 -8 3 -15
12 -15 21 0 8 7 16 15 16 28 3 33 4 41 12 5 5 18 5 29 2 11 -4 38 -9 60 -11z
m-368 -11 c2 -6 -9 -14 -25 -18 -16 -3 -64 -26 -107 -50 -43 -25 -80 -43 -82
-41 -2 2 24 25 59 51 35 26 62 52 60 57 -1 5 1 7 5 5 5 -2 17 -1 28 4 26 11
57 7 62 -8z m-107 -6 c0 -2 -27 -25 -60 -51 -34 -25 -58 -51 -55 -56 3 -5 0
-12 -6 -16 -8 -5 -9 -3 -4 6 5 8 3 11 -6 8 -8 -3 -14 -11 -14 -19 -1 -8 -6
-13 -12 -12 -6 1 -19 -7 -28 -17 -10 -11 -13 -20 -7 -20 6 0 14 5 17 10 4 6
11 7 17 4 17 -10 -1 -75 -36 -129 -48 -74 -76 -133 -76 -160 0 -37 -115 -257
-160 -306 -23 -24 -37 -35 -31 -23 6 12 6 26 0 35 -12 19 -11 60 2 79 8 11 9
7 4 -17 -7 -36 3 -80 15 -67 16 18 152 276 147 280 -3 3 -35 -52 -72 -123 -93
-180 -106 -186 -61 -32 13 46 22 87 20 91 -3 5 -1 8 3 8 5 0 17 15 27 33 25
42 97 118 108 111 4 -3 8 0 8 5 0 6 -4 11 -10 11 -5 0 11 32 36 71 25 40 48
79 51 88 4 15 -18 -17 -108 -157 -23 -35 -43 -61 -45 -59 -7 6 41 113 67 148
12 17 19 32 16 35 -2 2 -18 -17 -36 -43 -17 -26 -31 -43 -31 -38 0 6 20 37 45
69 24 33 41 64 38 69 -3 6 -2 7 4 4 5 -3 32 17 59 45 73 75 174 153 174 135z
m137 -32 c3 -9 -263 -195 -279 -195 -29 0 54 65 201 157 2 2 2 5 0 7 -2 3 -47
-24 -99 -59 -76 -50 -97 -60 -103 -49 -12 20 19 43 137 104 93 48 135 58 143
35z m544 -56 c11 -5 17 -14 14 -20 -6 -8 2 -10 50 -13 11 -1 26 -14 35 -31 8
-16 16 -32 17 -34 2 -2 9 2 18 9 12 10 16 10 19 -1 26 -81 28 -91 17 -102 -6
-6 -11 -24 -11 -39 0 -15 -3 -28 -6 -28 -17 0 -31 37 -29 74 2 31 1 32 -2 7
l-4 -34 -20 32 c-10 17 -19 47 -19 66 0 18 -4 37 -10 40 -6 4 -7 -6 -3 -26 4
-23 3 -30 -5 -25 -7 4 -12 17 -12 29 0 25 -20 62 -20 38 0 -11 -3 -11 -15 -1
-25 21 -17 3 20 -46 20 -26 34 -48 32 -51 -2 -2 -25 5 -51 16 -25 11 -46 16
-46 11 0 -6 5 -10 11 -10 32 0 111 -46 125 -71 8 -16 13 -29 11 -29 -3 0 -26
9 -52 21 -25 11 -49 18 -52 15 -6 -5 15 -15 87 -41 19 -6 36 -19 38 -27 5 -28
-28 -28 -71 0 -23 15 -54 32 -69 39 -30 13 -37 40 -14 49 10 4 8 11 -11 30
-14 14 -22 31 -19 39 3 8 1 15 -4 15 -15 0 -11 -32 5 -54 17 -22 11 -36 -15
-36 -26 0 -33 15 -18 39 10 17 9 24 -10 44 -25 27 -27 40 -8 56 10 9 16 8 26
-4 10 -12 9 -15 -6 -15 -12 -1 -7 -6 15 -15 43 -19 41 -20 34 15 -4 23 -1 35
13 46 18 14 18 14 -3 4 -13 -6 -23 -19 -23 -30 0 -10 -4 -21 -9 -24 -5 -4 -8
2 -6 11 16 80 18 83 56 62z m-63 -34 c2 -15 1 -17 -6 -6 -6 7 -15 10 -21 7 -6
-4 -11 0 -11 9 0 24 34 14 38 -10z m-368 -63 c0 -22 30 -38 82 -45 31 -5 39
-2 53 19 13 20 19 23 36 14 13 -8 18 -17 14 -30 -7 -22 32 -56 76 -65 22 -5
36 -2 50 11 18 16 21 16 35 2 13 -13 14 -20 4 -38 -11 -20 -7 -27 36 -71 43
-43 47 -53 47 -94 0 -42 4 -50 42 -83 49 -44 80 -88 67 -96 -14 -8 -4 -67 14
-87 9 -10 21 -16 26 -13 5 3 18 -5 29 -18 16 -19 19 -35 16 -90 -1 -40 -8 -73
-16 -80 -11 -10 -14 -10 -18 0 -3 6 -14 12 -25 12 -18 0 -20 4 -14 31 3 17 6
40 6 50 0 14 7 19 25 19 14 0 28 7 32 15 7 20 -2 29 -19 19 -7 -5 -19 -9 -27
-11 -19 -2 -31 -23 -31 -55 0 -33 -19 -36 -45 -8 -14 16 -18 34 -16 83 2 52
-1 66 -17 81 -15 13 -24 15 -39 7 -20 -11 -173 -70 -173 -67 0 2 21 18 48 36
64 45 102 81 96 92 -3 4 -40 8 -82 9 -76 1 -77 4 -7 23 138 38 142 53 43 161
-62 69 -129 114 -215 145 -88 32 -96 24 -91 -92 2 -48 1 -88 -2 -88 -3 0 -16
31 -29 70 -12 38 -26 72 -31 75 -8 5 -19 -21 -54 -120 -14 -40 -14 -39 -15 54
0 123 -5 128 -92 102 -81 -25 -139 -62 -210 -134 -67 -67 -89 -111 -68 -133
13 -12 66 -30 143 -49 41 -10 26 -15 -43 -15 -46 0 -70 -4 -66 -10 4 -6 67
-10 155 -10 l149 0 48 151 c34 108 49 146 55 133 4 -11 26 -79 49 -152 l43
-133 158 3 c87 2 158 2 158 1 0 0 -58 -43 -129 -93 l-129 -93 49 -145 c27 -80
48 -147 46 -148 -1 -1 -57 38 -124 87 -68 49 -125 89 -128 89 -2 0 -59 -40
-127 -90 -67 -49 -122 -89 -124 -87 -1 1 20 67 47 147 27 80 49 146 49 146 0
1 -55 41 -122 89 -68 49 -130 93 -138 99 -13 10 -13 9 -1 -7 8 -10 41 -37 73
-59 32 -23 57 -43 55 -45 -2 -2 -46 12 -97 32 -97 37 -120 36 -120 -6 0 -10
-9 -35 -19 -56 -11 -21 -26 -51 -33 -68 l-12 -30 -4 32 c-2 21 -11 37 -25 44
-42 23 -51 59 -14 59 34 0 47 19 47 66 0 27 13 70 39 125 22 46 42 100 46 120
5 28 11 36 24 32 11 -3 31 10 54 37 33 35 36 43 26 62 -9 18 -8 24 6 34 14 11
22 10 42 -3 22 -15 27 -15 69 6 38 19 49 35 46 63 -1 3 5 12 14 19 12 10 20 8
42 -13 25 -24 30 -25 72 -14 31 7 48 18 55 34 12 28 55 31 55 4z m-683 -139
c-3 -38 -20 -126 -38 -196 -26 -103 -30 -130 -19 -140 10 -10 11 -7 5 12 -5
18 -4 22 6 16 9 -6 11 -4 6 8 -3 9 -2 19 2 21 5 3 14 27 21 53 8 27 19 57 27
69 7 11 10 25 6 30 -5 5 -4 6 1 2 10 -9 40 28 32 40 -6 10 49 83 57 76 3 -4 0
-19 -8 -34 -8 -15 -11 -31 -7 -36 4 -5 -2 -2 -12 6 -18 14 -19 14 -7 -7 10
-19 8 -30 -9 -64 -12 -22 -24 -39 -27 -36 -2 3 1 15 7 27 8 14 8 20 1 16 -13
-9 -32 -76 -24 -89 3 -6 2 -7 -4 -4 -10 6 -33 -34 -33 -56 1 -7 7 2 15 18 18
40 19 24 1 -20 -8 -18 -11 -37 -8 -41 4 -4 2 -4 -5 0 -19 10 -32 -26 -33 -90
-1 -33 -2 -84 -2 -114 -1 -30 5 -66 12 -80 8 -14 13 -31 12 -38 -2 -7 7 -30
19 -52 13 -22 20 -43 16 -46 -3 -4 -14 11 -24 32 -9 22 -22 46 -29 54 -6 8
-17 50 -24 93 -8 48 -19 81 -28 86 -13 7 -12 10 5 19 23 13 39 83 25 109 -7
12 -10 8 -15 -17 -4 -18 -5 -44 -2 -58 3 -15 2 -21 -1 -14 -5 10 -9 9 -19 -5
-13 -17 -14 -16 -24 10 -30 77 -2 297 50 398 20 41 69 109 78 109 2 0 1 -30
-2 -67z m1390 -27 c7 -12 12 -28 13 -38 0 -9 5 -18 12 -20 7 -3 15 -32 18 -65
3 -34 2 -59 -2 -57 -4 3 -8 0 -8 -5 0 -15 13 -14 29 2 11 10 12 4 6 -33 -11
-69 -14 -82 -24 -120 -9 -32 -10 -31 -7 20 1 30 6 64 11 75 8 20 8 20 -8 0
-17 -21 -18 -19 -19 55 -1 3 2 21 5 40 l6 35 -13 -28 -12 -28 -12 39 c-7 22
-12 57 -13 78 -1 33 -2 35 -8 14 -7 -25 -7 -25 -23 10 -9 19 -19 42 -22 50 -3
8 -4 0 -1 -18 3 -24 1 -31 -8 -27 -6 4 -2 -2 9 -12 20 -18 54 -74 54 -89 0 -4
-8 0 -17 8 -37 31 -46 28 -11 -4 34 -30 58 -72 58 -100 0 -6 -12 -1 -27 13
l-28 24 27 -30 c15 -17 29 -43 32 -60 4 -16 3 -24 0 -17 -3 6 -10 12 -16 12
-6 0 -4 -8 5 -18 10 -10 17 -32 17 -48 l0 -28 -17 24 c-9 14 -23 29 -31 34
-12 7 -12 10 -1 17 11 7 8 14 -13 34 -30 27 -36 51 -16 57 9 3 8 9 -5 22 -9
10 -17 25 -17 35 0 10 -9 26 -20 36 -15 14 -17 21 -9 31 9 11 7 15 -5 20 -18
7 -22 49 -6 59 6 3 10 15 10 26 0 11 5 29 11 40 10 19 12 19 47 -12 20 -18 42
-42 49 -53z m-267 14 c10 0 22 -4 25 -10 8 -13 -31 -13 -56 1 -11 5 -16 15
-13 21 5 7 2 8 -5 4 -17 -11 15 -46 41 -46 10 0 18 -6 18 -14 0 -28 -28 -24
-59 8 -28 29 -30 34 -19 58 l12 25 19 -23 c10 -13 27 -24 37 -24z m-883 -31
c-42 -50 -53 -39 -21 23 23 46 27 48 39 32 11 -16 9 -23 -18 -55z m339 44 c-2
-10 -8 -84 -11 -166 -4 -81 -10 -149 -14 -152 -4 -2 -80 15 -169 38 l-162 43
34 50 c58 86 154 156 261 190 56 18 67 17 61 -3z m261 -15 c73 -27 149 -87
205 -160 l48 -63 -28 -8 c-131 -36 -297 -76 -301 -72 -5 6 -19 196 -20 283 -1
60 -8 59 96 20z m356 -42 c9 -7 17 -19 17 -27 1 -10 4 -9 11 4 24 41 49 -6 29
-54 -15 -35 -4 -52 15 -25 14 18 15 18 26 -7 9 -21 8 -34 -5 -67 -20 -49 -20
-50 -1 -50 11 0 15 -12 15 -51 0 -28 4 -58 9 -67 6 -12 5 -23 -4 -35 -12 -17
-16 -13 -36 42 -12 34 -24 60 -26 58 -2 -2 3 -23 11 -45 13 -37 13 -42 1 -42
-10 0 -16 12 -17 33 -1 32 -4 61 -7 83 0 7 -26 36 -56 65 -39 38 -52 56 -45
65 7 8 7 21 0 39 -7 20 -8 31 0 39 5 5 10 20 10 33 0 26 24 30 53 9z m-1222
-167 c-6 -16 -10 -18 -10 -7 -1 22 12 55 16 42 2 -6 -1 -22 -6 -35z m1349 2
c0 -6 -4 -13 -10 -16 -5 -3 -10 -13 -10 -21 0 -8 5 -12 10 -9 6 3 10 1 10 -4
0 -13 -3 -13 -23 -5 -12 4 -13 11 -4 35 11 28 27 40 27 20z m-1247 -162 c-4
-30 -8 -36 -23 -32 -18 5 -18 7 3 38 12 19 22 33 23 32 1 -1 -1 -18 -3 -38z
m1244 9 c-3 -7 -5 -2 -5 12 0 14 2 19 5 13 2 -7 2 -19 0 -25z m-983 -79 c150
-58 155 -61 145 -82 -7 -12 -48 -78 -92 -146 l-81 -124 -29 34 c-51 61 -69
105 -61 155 5 35 3 45 -9 50 -11 4 -16 17 -14 42 1 25 -2 36 -10 35 -9 -2 -13
12 -13 47 0 28 2 50 4 50 3 0 75 -27 160 -61z m804 -29 c-4 -59 -11 -98 -22
-114 -9 -14 -16 -36 -16 -48 0 -21 -70 -141 -90 -153 -10 -6 -183 261 -178
276 3 10 275 125 302 128 5 1 6 -39 4 -89z m-1131 10 c-6 -23 22 -44 46 -34
11 4 15 -6 15 -45 1 -41 -2 -51 -18 -56 -13 -4 -20 -16 -21 -33 -1 -15 -4 -38
-8 -52 l-7 -25 -17 31 c-9 17 -14 34 -10 37 3 4 -1 17 -10 30 -8 13 -18 45
-22 71 -7 45 -6 50 21 72 36 29 38 29 31 4z m157 -42 c7 -55 10 -198 3 -218
-2 -8 -9 -42 -15 -74 -13 -64 -18 -74 -31 -60 -5 5 -3 64 4 139 8 72 14 144
13 160 -1 53 -18 -56 -26 -167 -4 -57 -11 -103 -15 -103 -17 0 -40 52 -32 71
7 16 9 15 15 -11 4 -19 8 12 12 85 3 67 12 130 20 150 8 19 18 43 21 53 11 30
25 19 31 -25z m1302 -14 c2 -22 6 -48 7 -59 1 -11 6 -26 10 -32 9 -14 -8 -53
-23 -53 -6 0 -10 13 -10 29 0 17 -5 33 -11 36 -6 5 -4 12 8 21 10 7 13 14 7
14 -6 0 -19 -8 -28 -19 -14 -15 -14 -19 -3 -24 14 -5 19 -24 33 -103 4 -20 -1
-44 -12 -65 -10 -19 -17 -44 -15 -55 1 -13 -12 -36 -35 -60 -21 -22 -38 -42
-38 -47 -2 -17 -72 -49 -120 -52 -28 -2 -40 -2 -27 1 13 3 45 28 71 55 26 27
51 49 57 49 5 0 18 7 29 15 18 14 17 14 -9 5 -37 -13 -37 -13 -30 5 3 9 22 27
42 40 36 25 36 34 0 15 -33 -18 -22 9 18 46 20 19 32 34 26 34 -6 0 -13 -6
-16 -12 -2 -7 -7 -10 -11 -7 -4 3 3 28 14 55 13 32 15 42 5 30 -8 -11 -15 -14
-15 -8 0 7 -3 12 -7 12 -5 0 -9 -18 -11 -41 -1 -22 -10 -59 -20 -82 l-17 -42
-6 70 -6 70 0 -85 c1 -94 -10 -125 -61 -173 l-30 -29 -7 23 c-8 24 19 54 41
45 7 -3 9 5 6 21 -3 17 1 29 12 35 12 7 14 14 6 28 -13 25 -13 67 1 72 6 2 14
19 18 38 5 28 16 39 54 59 34 19 45 30 42 42 -3 10 -1 20 4 23 13 8 42 68 36
74 -2 3 -7 -3 -11 -12 -3 -9 -11 -13 -16 -10 -6 4 -8 -1 -4 -13 4 -12 1 -25
-9 -33 -8 -7 -15 -18 -15 -26 0 -7 -4 -16 -10 -19 -6 -4 -10 15 -10 49 l0 55
43 19 c23 11 43 18 45 17 1 -1 5 -20 8 -41z m-1276 14 c0 -16 -3 -19 -11 -11
-6 6 -8 16 -5 22 11 17 16 13 16 -11z m-330 -49 c15 -24 59 -114 99 -199 40
-85 79 -168 88 -183 11 -21 12 -32 4 -40 -16 -16 -154 134 -191 208 -33 66
-50 141 -50 217 0 61 14 60 50 -3z m1313 -5 c3 -4 -4 -15 -16 -26 -15 -13 -18
-21 -9 -24 13 -6 17 -36 5 -47 -10 -11 -10 -71 0 -85 9 -11 5 -58 -9 -109 -4
-14 -2 -23 5 -23 6 0 11 11 11 24 0 14 12 38 26 55 14 17 22 31 18 31 -4 0
-13 -8 -20 -17 -12 -16 -13 -10 -13 42 0 37 5 67 14 79 8 11 15 25 15 30 -1 6
-7 0 -14 -13 -13 -24 -13 -24 -18 15 -6 46 -8 40 18 48 18 5 22 2 27 -21 3
-15 -1 -46 -9 -68 -12 -35 -12 -41 1 -51 8 -6 15 -23 15 -37 0 -19 4 -25 15
-21 25 10 17 -4 -25 -43 -24 -21 -39 -42 -36 -50 3 -8 1 -11 -4 -8 -6 3 -7 -1
-4 -9 5 -13 9 -12 25 7 31 37 22 14 -25 -64 -52 -86 -111 -157 -121 -147 -5 4
-2 15 5 23 7 9 16 33 19 53 4 24 12 38 24 40 12 3 15 -1 10 -14 -4 -12 -3 -15
5 -10 7 4 12 12 12 17 0 6 9 29 20 51 24 50 24 54 6 39 -16 -14 -29 0 -21 21
3 8 -6 25 -20 38 -32 30 -32 59 0 85 25 19 25 22 14 79 -9 49 -8 62 3 70 8 6
17 19 21 29 7 17 19 22 30 11z m-963 -19 c0 -8 -3 -15 -7 -15 -5 0 -8 -25 -9
-55 0 -30 3 -52 6 -50 4 3 22 -17 40 -44 18 -26 41 -53 51 -59 23 -15 34 -4
94 90 26 39 48 69 50 67 2 -2 -8 -38 -21 -79 -14 -41 -23 -81 -22 -88 2 -10
29 4 81 42 43 31 80 56 83 56 2 0 -10 -16 -28 -35 -17 -20 -49 -59 -70 -87
-42 -56 -41 -67 16 -93 47 -21 158 -38 218 -31 74 7 155 33 179 57 20 20 20
20 -19 67 -21 26 -52 65 -68 87 l-29 39 48 -34 c26 -19 63 -45 82 -58 34 -21
35 -22 35 -3 0 11 -4 30 -9 44 -14 37 -40 127 -37 127 2 0 25 -36 51 -80 67
-110 87 -114 145 -28 26 38 36 47 38 33 3 -10 -7 -27 -22 -39 -24 -19 -25 -24
-16 -56 9 -31 7 -37 -21 -66 -23 -24 -29 -37 -24 -53 4 -13 1 -28 -6 -37 -10
-13 -15 -13 -36 1 -23 15 -28 15 -71 -7 -40 -19 -47 -28 -50 -55 -4 -39 -30
-45 -50 -12 -12 18 -21 21 -63 17 -46 -5 -85 -31 -73 -49 6 -10 -24 -19 -41
-13 -8 4 -13 9 -10 14 11 18 -24 42 -69 47 -42 5 -51 3 -65 -16 -21 -27 -51
-19 -51 14 0 28 -18 47 -60 65 -25 10 -35 10 -55 0 -36 -19 -56 -7 -48 30 5
26 0 37 -28 66 -27 29 -39 34 -61 30 -32 -6 -31 -7 -17 54 6 25 12 81 14 125
1 44 3 81 4 83 5 9 21 -1 21 -13z m-129 -37 c-5 -20 -6 -48 -3 -63 3 -17 -4
-41 -18 -67 -13 -24 -19 -43 -13 -47 5 -3 31 -30 56 -59 26 -29 47 -49 48 -45
0 4 5 -5 10 -22 4 -16 6 -39 3 -52 -5 -19 6 -35 62 -88 69 -65 120 -96 162
-101 19 -2 22 1 17 19 -6 22 -6 22 10 2 9 -11 19 -25 23 -31 4 -5 17 -17 30
-26 22 -15 22 -15 -19 -22 -35 -6 -50 -2 -106 30 -74 41 -135 92 -127 105 3 5
-10 24 -29 41 -39 37 -61 74 -52 88 3 5 -6 21 -21 35 -14 14 -24 29 -20 32 3
3 15 -5 26 -18 l21 -24 -16 27 c-9 15 -25 30 -36 33 -17 6 -23 17 -20 38 0 4
-4 7 -9 7 -6 0 -10 -4 -10 -10 0 -16 61 -110 71 -110 6 0 7 -4 4 -10 -10 -16
26 -81 52 -93 16 -7 23 -17 21 -31 -3 -23 57 -75 137 -117 52 -27 57 -39 18
-37 -16 0 -45 -3 -67 -7 -37 -8 -38 -7 -31 16 10 33 11 34 41 15 14 -10 28
-16 30 -13 3 2 -17 19 -44 36 -27 17 -58 41 -68 52 -10 12 -29 25 -40 30 -12
4 -34 32 -49 63 -15 31 -31 56 -36 56 -4 0 -7 8 -7 18 1 22 -41 117 -48 109
-3 -3 -1 -13 5 -24 22 -40 41 -83 36 -83 -12 0 -54 100 -48 116 4 11 2 15 -4
11 -33 -21 -11 122 33 211 29 60 37 63 25 10z m1171 -33 c-2 -14 -11 -25 -19
-25 -10 0 -13 6 -9 16 3 9 6 20 6 25 0 5 6 9 14 9 9 0 12 -8 8 -25z m39 -57
c-16 -53 -31 -47 -31 12 0 36 5 52 18 59 23 13 28 -18 13 -71z m-514 -68 c108
-132 109 -125 -26 -156 -100 -23 -172 -15 -300 31 -14 6 -3 21 132 183 59 72
71 81 85 70 8 -7 57 -65 109 -128z m473 55 c0 -13 3 -31 6 -39 5 -12 2 -15
-10 -10 -9 3 -16 17 -16 30 0 15 -6 24 -15 24 -15 0 -20 12 -9 22 13 14 44 -6
44 -27z m14 -108 c-7 -4 -10 -15 -7 -23 4 -10 -5 -25 -21 -41 -22 -20 -26 -31
-21 -54 4 -18 2 -29 -4 -29 -6 0 -8 8 -5 18 3 9 -10 -12 -30 -48 -38 -69 -108
-139 -141 -140 -11 -1 -29 -5 -40 -10 -17 -8 -16 -9 8 -7 26 2 31 -3 47 -46
l18 -48 -46 7 c-26 4 -51 9 -56 12 -5 2 9 20 30 38 22 18 33 33 27 34 -7 0
-21 -8 -31 -17 -10 -10 -32 -18 -52 -18 -31 0 -35 3 -35 25 0 18 6 26 22 28
18 3 22 0 17 -15 -3 -10 -2 -14 3 -8 26 31 91 73 100 64 11 -11 107 109 138
171 10 19 28 47 42 61 20 22 22 27 9 32 -8 3 -18 1 -22 -5 -5 -7 -2 -8 6 -3 9
6 11 4 6 -4 -5 -7 -11 -10 -14 -7 -3 3 -11 1 -19 -5 -7 -6 -13 -8 -13 -4 0 4
19 25 42 46 37 33 44 36 49 21 4 -9 1 -20 -7 -25z m-1012 -100 c-16 -18 -16
-20 11 -43 34 -29 53 -30 66 -5 10 18 12 18 54 -3 39 -19 43 -24 36 -44 -12
-32 -13 -31 28 -48 34 -15 38 -15 50 2 7 10 13 24 13 31 0 10 6 10 28 2 15 -6
28 -10 30 -10 16 5 42 -1 37 -9 -3 -6 -3 -19 0 -30 9 -29 81 -29 90 0 3 11 3
24 0 30 -3 6 4 10 17 11 13 0 35 3 51 5 22 4 29 0 37 -22 8 -19 15 -24 28 -19
9 4 28 10 40 13 20 4 23 9 18 36 -5 28 -2 33 34 50 l40 19 21 -21 20 -22 29
22 c33 24 37 40 15 58 -12 10 -10 17 20 46 42 40 45 41 45 11 0 -13 5 -28 11
-34 15 -15 0 -63 -20 -63 -24 0 -41 -20 -41 -50 0 -14 -8 -37 -17 -50 -9 -14
-17 -26 -18 -28 -1 -1 -18 4 -38 13 -35 14 -37 14 -107 -26 -39 -23 -81 -54
-92 -70 -23 -30 -73 -40 -95 -18 -7 7 -30 7 -78 -2 l-68 -11 -23 30 c-13 17
-56 49 -96 72 l-71 41 -39 -19 -38 -20 -52 57 c-28 31 -48 50 -43 42 5 -10 4
-12 -4 -7 -6 4 -9 12 -5 17 11 18 -7 109 -22 109 -23 0 -16 18 14 33 26 13 29
12 64 -21 36 -34 37 -37 20 -55z m-232 -132 c6 4 2 -84 -5 -93 -1 -1 -25 13
-54 32 -38 26 -47 36 -33 39 13 4 11 5 -5 6 -13 0 -23 -3 -23 -7 0 -5 59 -48
130 -97 l131 -89 172 23 c95 12 176 26 180 30 4 5 -5 14 -22 21 -17 6 -42 27
-56 46 -14 19 -35 39 -47 45 -18 10 -24 8 -39 -9 -14 -18 -19 -19 -34 -9 -14
11 -14 15 -3 23 7 6 20 14 29 17 23 8 167 -78 180 -107 8 -17 24 -25 57 -32
44 -8 48 -12 62 -51 11 -32 11 -46 3 -54 -9 -9 -18 1 -36 37 l-24 48 -13 -55
c-10 -40 -15 -49 -20 -34 -6 18 -7 17 -13 -4 -4 -15 -12 -22 -24 -19 -26 5
-32 75 -7 85 10 4 19 2 22 -5 2 -7 8 -12 13 -12 4 0 6 7 3 15 -7 18 -45 20
-62 3 -16 -16 -15 -60 1 -82 11 -15 21 -17 54 -11 34 5 40 10 36 26 -4 14 0
19 16 19 12 0 21 -6 21 -15 0 -8 8 -15 18 -16 9 0 1 -6 -18 -14 l-35 -13 37 2
c34 1 37 3 42 39 7 43 -12 99 -41 117 -15 9 -14 11 14 7 18 -2 30 0 27 5 -3 4
4 8 15 8 12 0 32 -17 51 -44 32 -47 38 -84 18 -104 -7 -7 -8 -12 -2 -12 6 0
16 11 22 24 9 21 7 33 -13 70 l-24 46 28 0 c20 0 31 7 39 24 12 27 147 111
175 108 10 0 25 -6 33 -13 22 -18 2 -32 -54 -39 -39 -4 -48 -9 -50 -27 -4 -30
-46 -55 -77 -47 -14 3 -25 2 -25 -3 0 -5 33 -14 73 -20 39 -6 117 -19 172 -29
l101 -18 137 94 c75 52 137 98 137 102 0 4 -10 7 -22 7 -17 -1 -19 -2 -6 -6
14 -3 5 -13 -33 -39 -29 -19 -53 -33 -54 -32 -7 9 -11 97 -5 93 5 -3 10 -2 13
2 2 5 2 2 1 -5 -3 -10 11 -11 60 -6 l63 6 7 -41 c3 -22 14 -56 23 -75 8 -19
13 -41 10 -50 -6 -14 -164 -125 -259 -180 l-46 -27 -134 16 c-214 26 -296 44
-304 67 -5 18 -8 17 -25 -11 -10 -16 -32 -37 -48 -45 -28 -15 -31 -15 -59 9
-30 25 -31 25 -94 11 -34 -8 -137 -18 -228 -21 l-165 -7 -124 83 c-68 46 -129
91 -134 100 -8 12 -6 26 6 51 9 19 19 54 23 77 l7 43 63 -6 c49 -5 63 -4 60 6
-1 7 -1 10 1 5 3 -4 8 -5 13 -2z m366 -57 c4 -6 2 -14 -5 -16 -11 -4 -11 -6 0
-13 8 -5 9 -9 3 -9 -17 0 -37 27 -29 40 8 13 22 13 31 -2z m530 -100 c12 -13
13 -18 4 -13 -8 5 -26 8 -40 6 -21 -3 -22 -1 -11 13 18 21 24 20 47 -6z m-322
-73 c3 -8 1 -15 -4 -15 -6 0 -10 7 -10 15 0 8 2 15 4 15 2 0 6 -7 10 -15z
m130 -97 c-5 -8 -2 -9 10 -5 30 12 142 -22 197 -58 28 -20 59 -40 68 -45 9 -5
12 -12 8 -16 -4 -4 -22 0 -40 10 l-32 17 23 -20 c12 -11 18 -22 13 -25 -12 -8
-63 14 -77 34 -19 25 -122 92 -133 86 -13 -8 -61 11 -61 24 0 5 7 10 16 10 9
0 12 -5 8 -12z m129 -83 c20 -14 37 -30 37 -35 0 -5 14 -17 30 -25 26 -13 36
-14 65 -3 19 6 35 16 35 21 0 4 5 5 11 1 7 -4 3 -14 -13 -29 -34 -31 -67 -40
-74 -21 -3 8 -11 13 -18 10 -7 -3 -46 28 -87 67 -41 40 -63 65 -49 56 14 -10
42 -28 63 -42z m-421 -34 c-89 -85 -111 -92 -159 -48 -27 24 -29 33 -7 41 8 3
13 2 10 -2 -3 -5 15 -18 40 -31 29 -14 44 -17 41 -9 -2 7 -11 12 -18 10 -8 -1
0 9 16 23 17 14 36 23 44 20 7 -3 33 13 57 35 79 73 60 42 -24 -39z"/>
<path d="M1049 1858 c-17 -24 -18 -29 -6 -19 18 14 42 51 33 51 -3 0 -15 -15
-27 -32z"/>
<path d="M786 1672 c-3 -5 -17 -53 -31 -107 -18 -72 -25 -120 -24 -184 l2 -86
8 105 c4 60 18 141 33 190 22 78 27 105 12 82z"/>
<path d="M906 1633 c-6 -14 -5 -15 5 -6 7 7 10 15 7 18 -3 3 -9 -2 -12 -12z"/>
<path d="M2021 1638 c9 -19 9 -21 -2 -10 -32 30 -28 8 5 -28 45 -50 50 -79 9
-54 -22 13 -21 10 7 -14 19 -17 37 -29 39 -27 2 2 -2 18 -7 35 -8 20 -8 39 -2
56 7 17 7 23 0 19 -6 -3 -10 -14 -11 -23 0 -9 -7 2 -16 26 -8 23 -19 42 -24
42 -6 0 -5 -10 2 -22z"/>
<path d="M2096 1522 c-15 -29 -14 -35 16 -117 17 -47 33 -84 35 -82 2 2 -1 17
-7 32 -6 16 -8 42 -5 59 4 24 3 26 -4 11 -8 -19 -10 -18 -20 8 -14 36 -14 63
0 89 6 11 8 22 6 25 -3 3 -13 -9 -21 -25z"/>
<path d="M691 1078 c31 -79 85 -174 129 -227 22 -25 49 -57 60 -71 l21 -25
-17 30 c-10 17 -34 48 -54 71 -41 45 -99 145 -125 217 -10 26 -22 50 -27 53
-4 3 1 -19 13 -48z"/>
<path d="M1970 925 c0 -5 5 -17 10 -25 5 -8 10 -10 10 -5 0 6 -5 17 -10 25 -5
8 -10 11 -10 5z"/>
<path d="M895 1034 c-9 -22 -17 -55 -18 -74 -1 -19 -6 -38 -12 -42 -6 -5 -4
-8 5 -8 11 0 15 12 16 43 0 23 9 57 18 75 10 19 15 36 12 39 -3 3 -12 -12 -21
-33z"/>
<path d="M760 591 c0 -5 -13 -23 -29 -40 -22 -24 -26 -33 -16 -41 9 -8 15 -5
20 12 7 21 8 20 12 -9 3 -25 15 -40 51 -66 63 -45 77 -53 68 -38 -11 17 13 44
29 31 16 -13 48 11 40 30 -7 20 -45 44 -45 29 0 -16 -40 -69 -51 -69 -6 0 -7
5 -4 10 3 6 -3 10 -15 10 -24 0 -25 30 -1 38 9 3 11 0 5 -9 -6 -11 -3 -10 11
1 17 14 17 15 1 18 -14 3 -15 7 -5 18 15 19 29 18 29 -2 0 -9 5 -12 12 -8 8 5
4 13 -11 26 -23 18 -23 18 -52 -22 -17 -23 -34 -38 -39 -35 -15 9 -12 55 4 55
7 0 19 7 26 15 10 13 10 19 -5 35 -19 21 -35 26 -35 11z m30 -25 c0 -16 -18
-31 -27 -22 -8 8 5 36 17 36 5 0 10 -6 10 -14z m130 -95 c0 -12 -20 -25 -27
-18 -7 7 6 27 18 27 5 0 9 -4 9 -9z"/>
<path d="M2174 542 c3 -9 10 -36 17 -59 7 -23 16 -40 21 -37 5 3 4 12 -2 19
-7 8 -9 19 -5 25 10 16 33 12 37 -7 2 -14 5 -14 14 -2 9 11 1 21 -38 46 -37
24 -48 28 -44 15z m36 -32 c0 -5 -4 -10 -10 -10 -5 0 -10 5 -10 10 0 6 5 10
10 10 6 0 10 -4 10 -10z"/>
<path d="M2115 510 c-3 -5 0 -10 7 -10 7 0 19 -9 26 -20 14 -23 8 -24 -37 -9
-24 9 -35 9 -42 0 -5 -6 -7 -9 -3 -7 3 3 31 -4 61 -15 67 -23 74 -23 49 -4
-11 8 -16 15 -12 15 4 0 -1 14 -11 30 -18 32 -28 37 -38 20z"/>
<path d="M1267 462 c7 -4 14 -29 15 -55 2 -38 6 -47 22 -47 14 0 16 3 8 13 -6
7 -13 32 -14 55 -2 34 -7 42 -23 42 -13 0 -16 -3 -8 -8z"/>
<path d="M1665 443 c0 -16 -4 -40 -8 -55 -5 -21 -4 -28 6 -28 9 0 14 14 15 42
1 23 7 47 12 52 7 7 10 6 10 -1 0 -6 9 -9 20 -6 17 5 18 1 13 -33 -3 -22 -10
-45 -16 -51 -7 -10 -4 -13 9 -13 16 0 20 9 22 47 3 56 9 64 28 39 12 -18 14
-18 14 -3 0 20 -7 23 -75 31 -49 6 -50 6 -50 -21z"/>
<path d="M1187 452 c7 -4 14 -29 15 -55 2 -26 8 -47 13 -47 27 0 55 14 55 27
0 12 -3 12 -16 -2 -22 -22 -33 -9 -36 43 -2 34 -7 42 -23 42 -13 0 -16 -3 -8
-8z"/>
<path d="M944 413 c3 -21 6 -46 6 -57 0 -16 2 -16 18 5 10 13 26 36 35 52 16
24 16 27 2 27 -9 0 -14 -4 -11 -8 3 -5 -4 -21 -15 -38 l-20 -29 3 43 c3 31 0
42 -11 42 -10 0 -12 -9 -7 -37z"/>
<path d="M1108 438 c6 -8 13 -33 14 -56 3 -44 13 -51 49 -32 22 12 25 35 7 47
-7 4 -13 17 -13 28 0 15 -8 21 -34 23 -29 3 -33 1 -23 -10z m47 -16 c0 -18
-20 -15 -23 4 -3 10 1 15 10 12 7 -3 13 -10 13 -16z m13 -49 c-4 -22 -22 -20
-26 1 -2 10 3 16 13 16 10 0 15 -7 13 -17z"/>
<path d="M1810 408 c-13 -27 -28 -48 -33 -48 -4 0 -5 -4 -2 -10 3 -5 11 -10
16 -10 6 0 8 4 5 8 -2 4 -1 14 4 21 10 18 44 6 37 -13 -6 -15 12 -26 41 -26
12 0 18 10 20 37 1 20 7 42 12 48 8 9 6 14 -6 19 -22 8 -26 8 -19 -3 9 -16 -7
-92 -19 -88 -6 2 -16 28 -22 58 l-11 54 -23 -47z m20 -3 c0 -8 -4 -15 -10 -15
-5 0 -7 7 -4 15 4 8 8 15 10 15 2 0 4 -7 4 -15z"/>
<path d="M2020 436 c0 -9 3 -16 8 -16 4 0 7 -20 6 -45 -1 -43 5 -53 19 -38 4
3 2 13 -5 20 -9 11 -9 17 3 24 9 6 18 4 26 -7 9 -12 16 -13 31 -5 39 21 41 35
8 61 l-30 25 17 -25 c19 -27 22 -50 7 -50 -5 0 -28 16 -50 36 -29 26 -40 32
-40 20z m35 -36 c3 -5 1 -10 -4 -10 -6 0 -11 5 -11 10 0 6 2 10 4 10 3 0 8 -4
11 -10z"/>
<path d="M1038 388 c2 -29 6 -55 8 -57 7 -8 57 13 61 25 2 7 -2 18 -9 25 -7 8
-13 23 -13 34 0 14 -8 21 -26 23 -26 3 -26 2 -21 -50z m32 22 c0 -11 -4 -20
-10 -20 -5 0 -10 9 -10 20 0 11 5 20 10 20 6 0 10 -9 10 -20z m15 -50 c0 -7
-6 -15 -12 -17 -8 -3 -13 4 -13 17 0 13 5 20 13 18 6 -3 12 -11 12 -18z"/>
<path d="M1968 366 c3 -36 8 -53 15 -50 16 6 9 104 -6 104 -8 0 -11 -18 -9
-54z"/>
<path d="M1926 335 c-16 -12 -17 -15 -4 -15 9 0 18 7 22 15 7 18 6 18 -18 0z"/>
<path d="M1216 215 c-11 -8 -15 -15 -9 -15 7 0 15 5 18 10 3 6 11 10 17 10 6
0 5 -7 -3 -17 -13 -16 -12 -17 3 -4 10 7 15 17 12 22 -7 12 -16 11 -38 -6z"/>
<path d="M982 1903 c-40 -59 -90 -150 -107 -196 -15 -39 -16 -50 -5 -60 10
-10 11 -8 6 8 -7 23 33 113 86 197 48 74 50 78 44 78 -2 0 -13 -12 -24 -27z"/>
<path d="M1215 280 c-16 -7 -17 -9 -3 -9 9 -1 20 4 23 9 7 11 7 11 -20 0z"/>
</g>
</svg>
